21
34
35
37
38
39
40
45
48
68
70
71
78
81
96
100
101
102
103
106
107
108
110
111
112
114
118
119
122
124
125
126
127
128
129
131
132
133
134
135
139
140
141
149
152
153
157
158
159
160
161
162
163
164
166
167
168
169
171
172
173
175
176
177
178
179
180
181
182
183
185
186
187
188
189
190
191
192
194
195
196
197
198
199
201
202
203
204
205
206
208
209
211
212
213
214
215
220
221
223
241
242
243
244
245
246
247
248
249
250
251
252
253
254
255
256
257
258
259
260
261
262
263
264
265
269
278
281
283
284
286
287
289
291
296
297
299
300
303
308
309
310
313
315
316
317
318
319
320
322
323
326
328
329
330
332
334
335
339
340
342
348
351
352
353
354
355
356
357
358
359
360
361
365
370
374
375
376
384
385
386
387
390
392
395
396
398
399
400
401
406
409
410
411
412
417
419
420
426
427
438
439
440
441
444
451
455
456
457
458
459
460
461
462
463
464
465
466
467
468
469
470
471
472
473
474
475
476
477
478
479
480
481
482